batch_size: 128
num_samples: 5000

patience: 5

latent_features: 32

learning_rate: 0.001
num_epochs: 100
lambda_rec: 1.0
lambda_kl: 0.001 # ưu tiên reconstruction loss hơn

lambda_ssim: 0.84

dataset: "CIFAR10"
in_channels: 3

MNIST:
  loss_fn_1:
    lambda_rec: 1.8361096041714062
    lambda_kl: 0.00029380279387035364
    lambda_ssim: 0.5523841089749877

  loss_fn_2:
    lambda_rec: 0.5660607765721113
    lambda_kl: 0.0001824685854793579
    lambda_ssim: 1.6305732240144095

  loss_fn_3:
    lambda_rec: 2.1333715266419033
    lambda_kl: 0.00012611236054600722
    lambda_ssim: 0.1090941533510366

CIFAR10:
  loss_fn_1:
    lambda_rec: 0.11980753746199224
    lambda_kl: 0.013051163408541698
    lambda_ssim: 1.1947334276180015

  loss_fn_2:
    lambda_rec: 1.1241800333988146
    lambda_kl: 0.00021920038547831362
    lambda_ssim: 0.15349362024478594

  loss_fn_3:
    lambda_rec: 2.1333715266419033
    lambda_kl: 0.00012611236054600722
    lambda_ssim: 0.1090941533510366