batch_size: 128
num_samples: 5000

patience: 5

latent_features: 32

learning_rate: 0.001
num_epochs: 100
lambda_rec: 1.0
lambda_kl: 0.001 # ưu tiên reconstruction loss hơn

lambda_ssim: 0.84

dataset: "CIFAR10"
in_channels: 3

MNIST:
  loss_fn_1:
    lambda_rec: 0.6868916212813586
    lambda_kl: 0.0006199345073308876
    lambda_ssim: 0.9088841223384716

  loss_fn_2:
    lambda_rec: 0.7093734937515477
    lambda_kl: 0.0001251688019527034
    lambda_ssim: 1.7112248804637598

  loss_fn_3:
    lambda_rec: 1.9316102681072143
    lambda_kl: 0.00010545991146805288
    lambda_ssim: 0.869151799579502

CIFAR10:
  loss_fn_1:
    lambda_rec: 0.3305351885451935
    lambda_kl: 0.0019062374828215129
    lambda_ssim: 0.9464980324280785

  loss_fn_2:
    lambda_rec: 0.9003813988889606
    lambda_kl: 0.00016874369021868292
    lambda_ssim: 0.3313583291090125

  loss_fn_3:
    lambda_rec: 1.491976412169392
    lambda_kl: 0.00011672711987380462
    lambda_ssim: 0.3053310554126766